0.000000 -2.701555 -1.381818 0.000000
1.000000 -2.701467 -1.381781 -0.000000
2.000000 -2.701205 -1.381673 0.000000
3.000000 -2.700765 -1.381497 -0.000000
4.000000 -2.700142 -1.381262 0.000000
5.000000 -2.699331 -1.380977 -0.000000
6.000000 -2.698322 -1.380660 0.000000
7.000000 -2.697105 -1.380329 -0.000000
8.000000 -2.695669 -1.380012 0.000000
9.000000 -2.693998 -1.379740 -0.000000
10.000000 -2.692079 -1.379556 0.000000
11.000000 -2.689892 -1.379505 -0.000000
12.000000 -2.687418 -1.379646 0.000000
13.000000 -2.684638 -1.380041 -0.000000
14.000000 -2.681531 -1.380763 0.000000
15.000000 -2.678073 -1.381890 -0.000000
16.000000 -2.674244 -1.383504 0.000000
17.000000 -2.670022 -1.385692 -0.000000
18.000000 -2.665388 -1.388538 0.000000
19.000000 -2.660324 -1.392121 -0.000000
20.000000 -2.654816 -1.396514 0.000000
21.000000 -2.648853 -1.401775 -0.000000
22.000000 -2.642430 -1.407945 0.000000
23.000000 -2.635547 -1.415046 -0.000000
24.000000 -2.628209 -1.423076 0.000000
25.000000 -2.620428 -1.432008 -0.000000
26.000000 -2.612223 -1.441791 0.000000
27.000000 -2.603616 -1.452348 -0.000000
28.000000 -2.594637 -1.463587 0.000000
29.000000 -2.585320 -1.475394 -0.000000
30.000000 -2.575701 -1.487648 0.000000
31.000000 -2.565817 -1.500223 -0.000000
32.000000 -2.555710 -1.512994 0.000000
33.000000 -2.545419 -1.525839 -0.000000
34.000000 -2.534982 -1.538644 0.000000
35.000000 -2.524371 -1.550453 -0.000000
36.000000 -2.513082 -1.556053 0.000000
37.000000 -2.499437 -1.541016 -0.000000
38.000000 -2.479954 -1.480045 0.000000
39.000000 -2.449970 -1.350581 -0.000000
40.000000 -2.406176 -1.158753 0.000000
41.000000 -2.349218 -0.946260 -0.000000
42.000000 -2.283606 -0.763190 0.000000
43.000000 -2.215139 -0.638499 -0.000000
44.000000 -2.148422 -0.573885 0.000000
45.000000 -2.086065 -0.555095 -0.000000
46.000000 -2.028986 -0.564747 0.000000
47.000000 -1.977101 -0.588933 -0.000000
48.000000 -1.929903 -0.618731 0.000000
49.000000 -1.886788 -0.649227 -0.000000
50.000000 -1.847196 -0.678101 0.000000
51.000000 -1.810656 -0.704459 -0.000000
52.000000 -1.776781 -0.728117 0.000000
53.000000 -1.745261 -0.749224 -0.000000
54.000000 -1.715838 -0.768040 0.000000
55.000000 -1.688304 -0.784853 -0.000000
56.000000 -1.662481 -0.799929 0.000000
57.000000 -1.638217 -0.813508 -0.000000
58.000000 -1.615380 -0.825790 0.000000
59.000000 -1.593856 -0.836945 -0.000000
60.000000 -1.573541 -0.847119 0.000000
61.000000 -1.554346 -0.856431 -0.000000
62.000000 -1.536188 -0.864983 0.000000
63.000000 -1.518992 -0.872861 -0.000000
64.000000 -1.502692 -0.880141 0.000000
65.000000 -1.487226 -0.886885 -0.000000
66.000000 -1.472538 -0.893148 0.000000
67.000000 -1.458578 -0.898977 -0.000000
68.000000 -1.445297 -0.904416 0.000000
69.000000 -1.432653 -0.909499 -0.000000
70.000000 -1.420606 -0.914259 0.000000
71.000000 -1.409119 -0.918726 -0.000000
72.000000 -1.398159 -0.922923 0.000000
73.000000 -1.387693 -0.926873 -0.000000
74.000000 -1.377693 -0.930597 0.000000
75.000000 -1.368132 -0.934112 -0.000000
76.000000 -1.358984 -0.937434 0.000000
77.000000 -1.350226 -0.940578 -0.000000
78.000000 -1.341837 -0.943558 0.000000
79.000000 -1.333797 -0.946384 -0.000000
80.000000 -1.326085 -0.949067 0.000000
81.000000 -1.318686 -0.951618 -0.000000
82.000000 -1.311581 -0.954045 0.000000
83.000000 -1.304757 -0.956356 -0.000000
84.000000 -1.298198 -0.958559 0.000000
85.000000 -1.291891 -0.960661 -0.000000
86.000000 -1.285824 -0.962666 0.000000
87.000000 -1.279984 -0.964583 -0.000000
88.000000 -1.274361 -0.966415 0.000000
89.000000 -1.268943 -0.968167 -0.000000
90.000000 -1.263722 -0.969845 0.000000
91.000000 -1.258687 -0.971452 -0.000000
92.000000 -1.253830 -0.972992 0.000000
93.000000 -1.249144 -0.974469 -0.000000
94.000000 -1.244619 -0.975886 0.000000
95.000000 -1.240249 -0.977246 -0.000000
96.000000 -1.236027 -0.978552 0.000000
97.000000 -1.231946 -0.979808 -0.000000
98.000000 -1.228001 -0.981015 0.000000
99.000000 -1.224185 -0.982176 -0.000000
100.000000 -1.220493 -0.983293 0.000000
101.000000 -1.216919 -0.984368 -0.000000
102.000000 -1.213459 -0.985403 0.000000
103.000000 -1.210108 -0.986401 -0.000000
104.000000 -1.206861 -0.987362 0.000000
105.000000 -1.203715 -0.988289 -0.000000
106.000000 -1.200665 -0.989183 0.000000
107.000000 -1.197707 -0.990046 -0.000000
108.000000 -1.194838 -0.990878 0.000000
109.000000 -1.192055 -0.991682 -0.000000
110.000000 -1.189354 -0.992458 0.000000
111.000000 -1.186731 -0.993207 -0.000000
112.000000 -1.184185 -0.993932 0.000000
113.000000 -1.181711 -0.994632 -0.000000
114.000000 -1.179309 -0.995309 0.000000
115.000000 -1.176974 -0.995964 -0.000000
116.000000 -1.174704 -0.996598 0.000000
117.000000 -1.172497 -0.997210 -0.000000
118.000000 -1.170352 -0.997804 0.000000
119.000000 -1.168265 -0.998378 -0.000000
120.000000 -1.166234 -0.998934 0.000000
121.000000 -1.164258 -0.999473 -0.000000
122.000000 -1.162335 -0.999995 0.000000
123.000000 -1.160463 -1.000500 -0.000000
124.000000 -1.158640 -1.000991 0.000000
125.000000 -1.156865 -1.001466 -0.000000
126.000000 -1.155136 -1.001926 0.000000
127.000000 -1.153452 -1.002373 -0.000000
128.000000 -1.151811 -1.002806 0.000000
129.000000 -1.150211 -1.003227 -0.000000
130.000000 -1.148652 -1.003635 0.000000
131.000000 -1.147132 -1.004031 -0.000000
132.000000 -1.145649 -1.004415 0.000000
133.000000 -1.144204 -1.004788 -0.000000
134.000000 -1.142794 -1.005151 0.000000
135.000000 -1.141419 -1.005503 -0.000000
136.000000 -1.140077 -1.005845 0.000000
137.000000 -1.138767 -1.006177 -0.000000
138.000000 -1.137489 -1.006499 0.000000
139.000000 -1.136242 -1.006813 -0.000000
140.000000 -1.135024 -1.007118 0.000000
141.000000 -1.133835 -1.007414 -0.000000
142.000000 -1.132674 -1.007702 0.000000
143.000000 -1.131541 -1.007982 -0.000000
144.000000 -1.130433 -1.008255 0.000000
145.000000 -1.129352 -1.008520 -0.000000
146.000000 -1.128295 -1.008777 0.000000
147.000000 -1.127263 -1.009028 -0.000000
148.000000 -1.126254 -1.009272 0.000000
149.000000 -1.125269 -1.009509 -0.000000
150.000000 -1.124305 -1.009740 0.000000
151.000000 -1.123364 -1.009965 -0.000000
152.000000 -1.122443 -1.010184 0.000000
153.000000 -1.121544 -1.010397 -0.000000
154.000000 -1.120664 -1.010605 0.000000
155.000000 -1.119804 -1.010807 -0.000000
156.000000 -1.118963 -1.011003 0.000000
157.000000 -1.118141 -1.011195 -0.000000
158.000000 -1.117337 -1.011381 0.000000
159.000000 -1.116551 -1.011563 -0.000000
160.000000 -1.115781 -1.011740 0.000000
161.000000 -1.115029 -1.011913 -0.000000
162.000000 -1.114293 -1.012081 0.000000
163.000000 -1.113574 -1.012244 -0.000000
164.000000 -1.112869 -1.012404 0.000000
165.000000 -1.112181 -1.012559 -0.000000
166.000000 -1.111507 -1.012711 0.000000
167.000000 -1.110847 -1.012859 -0.000000
168.000000 -1.110202 -1.013002 0.000000
169.000000 -1.109571 -1.013143 -0.000000
170.000000 -1.108954 -1.013280 0.000000
171.000000 -1.108350 -1.013413 -0.000000
172.000000 -1.107759 -1.013543 0.000000
173.000000 -1.107180 -1.013669 -0.000000
174.000000 -1.106614 -1.013793 0.000000
175.000000 -1.106061 -1.013913 -0.000000
176.000000 -1.105519 -1.014031 0.000000
177.000000 -1.104989 -1.014145 -0.000000
178.000000 -1.104470 -1.014257 0.000000
179.000000 -1.103963 -1.014366 -0.000000
180.000000 -1.103467 -1.014472 0.000000
181.000000 -1.102981 -1.014575 -0.000000
182.000000 -1.102506 -1.014676 0.000000
183.000000 -1.102041 -1.014774 -0.000000
184.000000 -1.101586 -1.014870 0.000000
185.000000 -1.101142 -1.014964 -0.000000
186.000000 -1.100707 -1.015055 0.000000
187.000000 -1.100281 -1.015144 -0.000000
188.000000 -1.099865 -1.015230 0.000000
189.000000 -1.099458 -1.015315 -0.000000
190.000000 -1.099061 -1.015397 0.000000
191.000000 -1.098672 -1.015477 -0.000000
192.000000 -1.098292 -1.015556 0.000000
193.000000 -1.097920 -1.015632 -0.000000
194.000000 -1.097557 -1.015706 0.000000
195.000000 -1.097202 -1.015778 -0.000000
196.000000 -1.096855 -1.015849 0.000000
197.000000 -1.096517 -1.015918 -0.000000
198.000000 -1.096186 -1.015985 0.000000
199.000000 -1.095863 -1.016050 -0.000000
200.000000 -1.095547 -1.016113 0.000000
201.000000 -1.095239 -1.016175 -0.000000
202.000000 -1.094939 -1.016235 0.000000
203.000000 -1.094645 -1.016294 -0.000000
204.000000 -1.094359 -1.016351 0.000000
205.000000 -1.094080 -1.016406 -0.000000
206.000000 -1.093808 -1.016460 0.000000
207.000000 -1.093542 -1.016513 -0.000000
208.000000 -1.093284 -1.016564 0.000000
209.000000 -1.093032 -1.016613 -0.000000
210.000000 -1.092786 -1.016662 0.000000
211.000000 -1.092547 -1.016708 -0.000000
212.000000 -1.092315 -1.016754 0.000000
213.000000 -1.092088 -1.016798 -0.000000
214.000000 -1.091868 -1.016841 0.000000
215.000000 -1.091655 -1.016882 -0.000000
216.000000 -1.091447 -1.016923 0.000000
217.000000 -1.091245 -1.016962 -0.000000
218.000000 -1.091049 -1.017000 0.000000
219.000000 -1.090859 -1.017036 -0.000000
220.000000 -1.090675 -1.017072 0.000000
221.000000 -1.090497 -1.017106 -0.000000
222.000000 -1.090324 -1.017139 0.000000
223.000000 -1.090157 -1.017171 -0.000000
224.000000 -1.089995 -1.017202 0.000000
225.000000 -1.089839 -1.017232 -0.000000
226.000000 -1.089688 -1.017261 0.000000
227.000000 -1.089543 -1.017289 -0.000000
228.000000 -1.089403 -1.017315 0.000000
229.000000 -1.089269 -1.017341 -0.000000
230.000000 -1.089139 -1.017365 0.000000
231.000000 -1.089015 -1.017389 -0.000000
232.000000 -1.088896 -1.017411 0.000000
233.000000 -1.088783 -1.017433 -0.000000
234.000000 -1.088674 -1.017453 0.000000
235.000000 -1.088570 -1.017473 -0.000000
236.000000 -1.088472 -1.017491 0.000000
237.000000 -1.088378 -1.017509 -0.000000
238.000000 -1.088290 -1.017526 0.000000
239.000000 -1.088206 -1.017541 -0.000000
240.000000 -1.088127 -1.017556 0.000000
241.000000 -1.088054 -1.017570 -0.000000
242.000000 -1.087985 -1.017583 0.000000
243.000000 -1.087921 -1.017595 -0.000000
244.000000 -1.087861 -1.017606 0.000000
245.000000 -1.087807 -1.017616 -0.000000
246.000000 -1.087757 -1.017626 0.000000
247.000000 -1.087712 -1.017634 -0.000000
248.000000 -1.087672 -1.017641 0.000000
249.000000 -1.087637 -1.017648 -0.000000
250.000000 -1.087606 -1.017654 0.000000
251.000000 -1.087580 -1.017659 -0.000000
252.000000 -1.087559 -1.017663 0.000000
253.000000 -1.087543 -1.017666 -0.000000
254.000000 -1.087531 -1.017668 0.000000
255.000000 -1.087524 -1.017669 -0.000000
