0 2.967176e-33
0 1.773037e-17
0 5.731666e-19
0 3.069158e-19
0 2.549425e-19
0 2.088600e-19
0 1.778335e-19
0 1.805593e-19
0 1.657406e-19
0 1.475562e-19
0 1.294850e-19
0 1.248990e-19
0 1.128915e-19
0 1.085805e-19
0 1.016248e-19
0 9.977006e-20
0 8.759340e-20
0 8.852455e-20
0 8.217099e-20
0 8.252358e-20
0 8.276307e-20
0 6.413708e-34
0 7.981795e-20
0 7.989080e-20
0 7.825358e-20
0 7.890097e-20
0 7.007797e-20
0 7.031375e-20
0 6.940471e-20
0 7.221430e-20
0 7.274359e-20
0 6.834276e-20
0 7.498459e-20
0 6.935555e-20
0 7.222318e-20
0 5.847239e-20
0 5.563190e-20
0 6.072527e-20
0 5.747522e-20
0 6.086840e-20
0 5.528771e-20
0 6.046097e-20
0 5.263219e-20
0 5.270894e-20
0 5.669717e-20
0 5.439185e-20
0 5.173443e-20
0 4.895840e-20
0 5.133279e-20
0 5.211612e-20
0 5.036075e-20
0 4.446652e-20
0 4.830695e-20
0 5.278653e-20
0 4.411916e-20
0 5.524916e-20
0 5.244657e-20
0 5.234804e-20
0 4.990087e-20
0 5.267309e-20
0 4.605833e-20
0 5.175386e-20
0 7.646903e-34
0 4.499033e-20
0 4.476411e-20
0 4.955429e-20
0 4.377543e-20
0 4.289651e-20
0 4.007145e-20
0 4.254680e-20
0 4.348370e-20
0 3.907609e-20
0 4.093556e-20
0 4.160916e-20
0 4.322077e-20
0 4.226489e-20
0 4.353613e-20
0 3.847381e-20
0 4.148637e-20
0 4.295933e-20
0 4.493619e-20
0 4.304968e-20
0 4.605020e-20
0 4.428018e-20
0 4.281265e-20
0 4.278648e-20
0 3.995007e-20
0 3.966381e-20
0 3.376056e-20
0 3.615429e-20
0 3.439578e-20
0 3.390446e-20
0 3.478761e-20
0 3.144173e-20
0 3.666566e-20
0 3.391571e-20
0 3.505328e-20
0 3.468872e-20
0 3.602887e-20
0 3.480511e-20
0 3.306233e-20
0 3.734082e-20
0 3.406025e-20
